250 251 249 250 251 251 250 251 251 250 251 251 250 249 251 250
251 255 247 251 254 253 250 252 252 250 253 254 251 247 255 251
249 247 252 249 247 248 250 208 208 250 248 247 249 252 247 249
250 251 249 250 251 251 250 128 128 250 251 251 250 249 251 250
251 254 247 251 253 252 250   0   0 250 252 253 251 247 254 251
251 253 248 251 252 252 160   0   0 160 252 252 251 248 253 251
250 243 131 133 135 134  72   0   0  72 134 135 133 131 243 250
251 253  99   3   0   0   0   0   0   0   0   0   2  99 253 251
251 253 248 214   0   0   0   0   0   0   0   0 214 248 253 251
250 250 250 250 239  28   0   0   0   0  28 239 250 250 250 250
251 253 248 251 247  42   0   0   0   0  42 247 251 248 253 251
251 254 247 251 230   0   0  35  35   0   0 230 251 247 254 251
250 251 249 250  90   0 149 251 251 149   0  90 250 249 251 250
249 247 252 249  17 208 250 248 248 250 208  17 249 252 247 249
251 255 247 251 248 253 250 253 253 250 253 248 251 247 255 251
250 251 249 250 251 251 250 251 251 250 251 251 250 249 251 250
250 251 249 250 251 251 250 251 251 250 251 251 250 249 251 250
251 255 247 251 254 253 250 252 252 250 253 254 251 247 255 251
249 247 252 249 247 248 250 208 208 250 248 247 249 252 247 249
250 251 249 250 251 251 250 128 128 250 251 251 250 249 251 250
251 254 247 251 253 252 250   0   0 250 252 253 251 247 254 251
251 253 248 251 252 252 160   0   0 160 252 252 251 248 253 251
250 243 131 133 135 134  72   0   0  72 134 135 133 131 243 250
251 253  99   3   0   0   0   0   0   0   0   0   2  99 253 251
251 253 248 214   0   0   0   0   0   0   0   0 214 248 253 251
250 250 250 250 239  28   0   0   0   0  28 239 250 250 250 250
251 253 248 251 247  42   0   0   0   0  42 247 251 248 253 251
251 254 247 251 230   0   0  35  35   0   0 230 251 247 254 251
250 251 249 250  90   0 149 251 251 149   0  90 250 249 251 250
249 247 252 249  17 208 250 248 248 250 208  17 249 252 247 249
251 255 247 251 248 253 250 253 253 250 253 248 251 247 255 251
250 251 249 250 251 251 250 251 251 250 251 251 250 249 251 250
250 251 249 250 251 251 250 251 251 250 251 251 250 249 251 250
251 255 247 251 254 253 250 252 252 250 253 254 251 247 255 251
249 247 252 249 247 248 250 208 208 250 248 247 249 252 247 249
250 251 249 250 251 251 250 128 128 250 251 251 250 249 251 250
251 254 247 251 253 252 250   0   0 250 252 253 251 247 254 251
251 253 248 251 252 252 160   0   0 160 252 252 251 248 253 251
250 243 131 133 135 134  72   0   0  72 134 135 133 131 243 250
251 253  99   3   0   0   0   0   0   0   0   0   2  99 253 251
251 253 248 214   0   0   0   0   0   0   0   0 214 248 253 251
250 250 250 250 239  28   0   0   0   0  28 239 250 250 250 250
251 253 248 251 247  42   0   0   0   0  42 247 251 248 253 251
251 254 247 251 230   0   0  35  35   0   0 230 251 247 254 251
250 251 249 250  90   0 149 251 251 149   0  90 250 249 251 250
249 247 252 249  17 208 250 248 248 250 208  17 249 252 247 249
251 255 247 251 248 253 250 253 253 250 253 248 251 247 255 251
250 251 249 250 251 251 250 251 251 250 251 251 250 249 251 250

250 251 249 250 251 251 250 251 251 250 251 251 250 249 251 250
251 255 247 251 254 253 243 253 253 250 253 254 251 247 255 251
249 247 252 249 247 248 131  99 248 250 248 247 249 252 247 249
250 251 249 250 251 251 133   2 214 250 251 251 250 249 251 250
251 254 247 251 253 252 135   0   0 239 247 230  90  17 248 251
251 253 248 251 252 252 134   0   0  28  42   0   0 208 253 251
250 250 250 250 250 160  72   0   0   0   0   0 149 250 250 250
251 252 208 128   0   0   0   0   0   0   0  35 251 248 253 251
251 252 208 128   0   0   0   0   0   0   0  35 251 248 253 251
250 250 250 250 250 160  72   0   0   0   0   0 149 250 250 250
251 253 248 251 252 252 134   0   0  28  42   0   0 208 253 251
251 254 247 251 253 252 135   0   0 239 247 230  90  17 248 251
250 251 249 250 251 251 133   3 214 250 251 251 250 249 251 250
249 247 252 249 247 248 131  99 248 250 248 247 249 252 247 249
251 255 247 251 254 253 243 253 253 250 253 254 251 247 255 251
250 251 249 250 251 251 250 251 251 250 251 251 250 249 251 250
250 251 249 250 251 251 250 251 251 250 251 251 250 249 251 250
251 255 247 251 254 253 243 253 253 250 253 254 251 247 255 251
249 247 252 249 247 248 131  99 248 250 248 247 249 252 247 249
250 251 249 250 251 251 133   2 214 250 251 251 250 249 251 250
251 254 247 251 253 252 135   0   0 239 247 230  90  17 248 251
251 253 248 251 252 252 134   0   0  28  42   0   0 208 253 251
250 250 250 250 250 160  72   0   0   0   0   0 149 250 250 250
251 252 208 128   0   0   0   0   0   0   0  35 251 248 253 251
251 252 208 128   0   0   0   0   0   0   0  35 251 248 253 251
250 250 250 250 250 160  72   0   0   0   0   0 149 250 250 250
251 253 248 251 252 252 134   0   0  28  42   0   0 208 253 251
251 254 247 251 253 252 135   0   0 239 247 230  90  17 248 251
250 251 249 250 251 251 133   3 214 250 251 251 250 249 251 250
249 247 252 249 247 248 131  99 248 250 248 247 249 252 247 249
251 255 247 251 254 253 243 253 253 250 253 254 251 247 255 251
250 251 249 250 251 251 250 251 251 250 251 251 250 249 251 250
250 251 249 250 251 251 250 251 251 250 251 251 250 249 251 250
251 255 247 251 254 253 243 253 253 250 253 254 251 247 255 251
249 247 252 249 247 248 131  99 248 250 248 247 249 252 247 249
250 251 249 250 251 251 133   2 214 250 251 251 250 249 251 250
251 254 247 251 253 252 135   0   0 239 247 230  90  17 248 251
251 253 248 251 252 252 134   0   0  28  42   0   0 208 253 251
250 250 250 250 250 160  72   0   0   0   0   0 149 250 250 250
251 252 208 128   0   0   0   0   0   0   0  35 251 248 253 251
251 252 208 128   0   0   0   0   0   0   0  35 251 248 253 251
250 250 250 250 250 160  72   0   0   0   0   0 149 250 250 250
251 253 248 251 252 252 134   0   0  28  42   0   0 208 253 251
251 254 247 251 253 252 135   0   0 239 247 230  90  17 248 251
250 251 249 250 251 251 133   3 214 250 251 251 250 249 251 250
249 247 252 249 247 248 131  99 248 250 248 247 249 252 247 249
251 255 247 251 254 253 243 253 253 250 253 254 251 247 255 251
250 251 249 250 251 251 250 251 251 250 251 251 250 249 251 250

249 249 249 249 249 249 249 249 249 249 249 249 249 249 249 249
249 249 249 233 242 248 249 249 249 249 248 241 235 249 249 249
249 249 249 226  38 197 249 249 249 249 186  33 232 249 249 249
249 249 249 248  83   3 133 242 242 125   2  95 248 249 249 249
249 249 249 249 197   1   0  36  22   0   1 217 249 249 249 249
249 249 249 249 237  28   0   0   0   0  41 243 249 249 249 249
249 249 249 249 230  28   0   0   0   0  38 237 249 249 249 249
249 249 248 194   2   0   0   0   0   0   0   2 201 248 249 249
249 247  87   7   0   0   0   0   0   0   0   0   8 101 249 249
248 187 134 134 134 134  62   0   0  72 134 134 134 134 195 248
249 249 249 249 249 249 147   0   0 162 249 249 249 249 249 249
249 249 249 249 249 249 235   0   0 241 249 249 249 249 249 249
249 249 249 249 249 249 248  77  87 248 249 249 249 249 249 249
249 249 249 249 249 249 249 194 216 249 249 249 249 249 249 249
249 249 249 249 249 249 249 243 245 249 249 249 249 249 249 249
249 249 249 249 249 249 249 249 249 249 249 249 249 249 249 249
249 249 249 249 249 249 249 249 249 249 249 249 249 249 249 249
249 249 249 233 242 248 249 249 249 249 248 241 235 249 249 249
249 249 249 226  38 197 249 249 249 249 186  33 232 249 249 249
249 249 249 248  83   3 133 242 242 125   2  95 248 249 249 249
249 249 249 249 197   1   0  36  22   0   1 217 249 249 249 249
249 249 249 249 237  28   0   0   0   0  41 243 249 249 249 249
249 249 249 249 230  28   0   0   0   0  38 237 249 249 249 249
249 249 248 194   2   0   0   0   0   0   0   2 201 248 249 249
249 247  87   7   0   0   0   0   0   0   0   0   8 101 249 249
248 187 134 134 134 134  62   0   0  72 134 134 134 134 195 248
249 249 249 249 249 249 147   0   0 162 249 249 249 249 249 249
249 249 249 249 249 249 235   0   0 241 249 249 249 249 249 249
249 249 249 249 249 249 248  77  87 248 249 249 249 249 249 249
249 249 249 249 249 249 249 194 216 249 249 249 249 249 249 249
249 249 249 249 249 249 249 243 245 249 249 249 249 249 249 249
249 249 249 249 249 249 249 249 249 249 249 249 249 249 249 249
249 249 249 249 249 249 249 249 249 249 249 249 249 249 249 249
249 249 249 233 242 248 249 249 249 249 248 241 235 249 249 249
249 249 249 226  38 197 249 249 249 249 186  33 232 249 249 249
249 249 249 248  83   3 133 242 242 125   2  95 248 249 249 249
249 249 249 249 197   1   0  36  22   0   1 217 249 249 249 249
249 249 249 249 237  28   0   0   0   0  41 243 249 249 249 249
249 249 249 249 230  28   0   0   0   0  38 237 249 249 249 249
249 249 248 194   2   0   0   0   0   0   0   2 201 248 249 249
249 247  87   7   0   0   0   0   0   0   0   0   8 101 249 249
248 187 134 134 134 134  62   0   0  72 134 134 134 134 195 248
249 249 249 249 249 249 147   0   0 162 249 249 249 249 249 249
249 249 249 249 249 249 235   0   0 241 249 249 249 249 249 249
249 249 249 249 249 249 248  77  87 248 249 249 249 249 249 249
249 249 249 249 249 249 249 194 216 249 249 249 249 249 249 249
249 249 249 249 249 249 249 243 245 249 249 249 249 249 249 249
249 249 249 249 249 249 249 249 249 249 249 249 249 249 249 249

249 249 249 249 249 249 249 249 249 249 249 249 249 249 249 249
249 249 249 249 249 249 249 249 248 191 249 249 249 249 249 249
249 249 249 249 249 249 249 249 101 127 249 249 249 249 249 249
249 235 230 249 249 249 249 204  11 127 249 249 249 249 249 249
249 245  39  88 210 241 235   2   0 127 249 249 249 249 249 249
249 249 193   2   1  35  35   0   0 127 249 249 249 249 249 249
249 249 249 133   0   0   0   0   0  65 154 240 249 249 249 249
249 249 249 243  28   0   0   0   0   0   0   0  81 209 244 249
249 249 249 243  33   0   0   0   0   0   0   0  77 201 244 249
249 249 249 136   0   0   0   0   0  62 152 235 248 249 249 249
249 249 195   3   1  33  34   0   0 127 249 249 249 249 249 249
249 245  41  83 204 240 234   3   0 127 249 249 249 249 249 249
249 236 227 249 249 249 249 201  10 127 249 249 249 249 249 249
249 249 249 249 249 249 249 249  99 127 249 249 249 249 249 249
249 249 249 249 249 249 249 249 248 186 249 249 249 249 249 249
249 249 249 249 249 249 249 249 249 249 249 249 249 249 249 249
249 249 249 249 249 249 249 249 249 249 249 249 249 249 249 249
249 249 249 249 249 249 249 249 248 191 249 249 249 249 249 249
249 249 249 249 249 249 249 249 101 127 249 249 249 249 249 249
249 235 230 249 249 249 249 204  11 127 249 249 249 249 249 249
249 245  39  88 210 241 235   2   0 127 249 249 249 249 249 249
249 249 193   2   1  35  35   0   0 127 249 249 249 249 249 249
249 249 249 133   0   0   0   0   0  65 154 240 249 249 249 249
249 249 249 243  28   0   0   0   0   0   0   0  81 209 244 249
249 249 249 243  33   0   0   0   0   0   0   0  77 201 244 249
249 249 249 136   0   0   0   0   0  62 152 235 248 249 249 249
249 249 195   3   1  33  34   0   0 127 249 249 249 249 249 249
249 245  41  83 204 240 234   3   0 127 249 249 249 249 249 249
249 236 227 249 249 249 249 201  10 127 249 249 249 249 249 249
249 249 249 249 249 249 249 249  99 127 249 249 249 249 249 249
249 249 249 249 249 249 249 249 248 186 249 249 249 249 249 249
249 249 249 249 249 249 249 249 249 249 249 249 249 249 249 249
249 249 249 249 249 249 249 249 249 249 249 249 249 249 249 249
249 249 249 249 249 249 249 249 248 191 249 249 249 249 249 249
249 249 249 249 249 249 249 249 101 127 249 249 249 249 249 249
249 235 230 249 249 249 249 204  11 127 249 249 249 249 249 249
249 245  39  88 210 241 235   2   0 127 249 249 249 249 249 249
249 249 193   2   1  35  35   0   0 127 249 249 249 249 249 249
249 249 249 133   0   0   0   0   0  65 154 240 249 249 249 249
249 249 249 243  28   0   0   0   0   0   0   0  81 209 244 249
249 249 249 243  33   0   0   0   0   0   0   0  77 201 244 249
249 249 249 136   0   0   0   0   0  62 152 235 248 249 249 249
249 249 195   3   1  33  34   0   0 127 249 249 249 249 249 249
249 245  41  83 204 240 234   3   0 127 249 249 249 249 249 249
249 236 227 249 249 249 249 201  10 127 249 249 249 249 249 249
249 249 249 249 249 249 249 249  99 127 249 249 249 249 249 249
249 249 249 249 249 249 249 249 248 186 249 249 249 249 249 249
249 249 249 249 249 249 249 249 249 249 249 249 249 249 249 249
